$GPGGA,031225.00,0228.04835,N,07635.56515,W,1,10,0.83,1749.2,M,9.8,M,,*4C
$GPGSA,A,3,11,09,06,30,22,19,03,07,17,14,,,1.73,0.83,1.51*0A
$GPGSV,4,1,14,02,02,032,10,03,28,072,20,04,00,127,,06,56,250,26*71
$GPGSV,4,2,14,07,41,169,36,09,14,152,27,11,18,225,22,13,05,265,*76
$GPGSV,4,3,14,14,45,008,31,17,26,342,43,19,22,309,26,20,02,210,*70
$GPGSV,4,4,14,22,29,348,45,30,64,217,27*79
$GPGLL,0228.04835,N,07635.56515,W,031225.00,A,A*7B
$GPRMC,031226.00,A,0228.04836,N,07635.56529,W,0.107,,041124,,,A*69
$GPVTG,,T,,M,0.107,N,0.197,K,A*2A
$GPGGA,031226.00,0228.04836,N,07635.56529,W,1,10,0.83,1749.5,M,9.8,M,,*44
$GPGSA,A,3,11,09,06,30,22,19,03,07,17,14,,,1.73,0.83,1.51*0A
$GPGSV,4,1,14,02,02,032,09,03,28,072,21,04,00,127,,06,56,250,26*78
$GPGSV,4,2,14,07,41,169,35,09,14,152,26,11,18,225,22,13,05,265,*74
$GPGSV,4,3,14,14,45,008,31,17,26,342,41,19,22,309,27,20,02,210,*73
$GPGSV,4,4,14,22,29,348,43,30,64,217,27*7F
$GPGLL,0228.04836,N,07635.56529,W,031226.00,A,A*74
$GPRMC,031227.00,A,0228.04838,N,07635.56543,W,0.114,,041124,,,A*68
$GPVTG,,T,,M,0.114,N,0.211,K,A*25
$GPGGA,031227.00,0228.04838,N,07635.56543,W,1,10,0.83,1749.8,M,9.8,M,,*4A
$GPGSA,A,3,11,09,06,30,22,19,03,07,17,14,,,1.73,0.83,1.51*0A
$GPGSV,4,1,14,02,02,032,08,03,28,072,21,04,00,127,,06,56,250,26*79
$GPGSV,4,2,14,07,41,169,35,09,14,152,26,11,18,225,21,13,05,265,*77
$GPGSV,4,3,14,14,45,008,30,17,26,342,40,19,22,309,26,20,02,210,*72
$GPGSV,4,4,14,22,29,348,42,30,64,217,26*7F
$GPGLL,0228.04838,N,07635.56543,W,031227.00,A,A*77
